7368
1134
1140
5004
5005
462
187
1238
729230
1232
1233
1234
1237
50856
170482
339390
50489
10332
9902
7852
10663
6545
30835
712
713
714
718
721
727
735
1380
1755
7430
2335
2316
2317
2318
3956
2902
2903
2904
2905
2906
116443
116444
2209
2210
3676
3695
4057
2212
2213
2214
2215
4360
4153
4478
4099
1141
1667
1668
1669
2280
5196
23416
5199
3998
2907
653509
6441
213
27036
6382
6383
9672
6385
920
3371
7057
7097
7099
801
808
805
821
811
26998
3105
10226
5245
11331
64714
3329
857
29924
972
10567
9185
7096
9559
55737
10971
5717
5713
51150
70
58
59
60
71
72
952
174
302
348
581
10572
3339
598
572
627
6347
6348
6351
1179
9635
22802
3778
10242
27094
27345
1047
813
5566
5567
5568
5573
5576
1268
1269
834
836
939
966
7157
1240
10036
1366
1072
1073
1604
3075
1536
1571
1803
7153
51726
55658
2202
51466
11253
23071
80267
2100
2099
6506
2247
2825
2838
2670
5589
2932
2770
2771
2773
6782
3310
10808
8350
3133
3134
3135
3107
3108
3109
3111
3112
3113
3115
3117
3118
3119
3120
3122
10525
3091
3678
3683
3684
3685
3687
3688
3689
3690
3693
3694
3383
3385
3439
3447
3446
3448
3449
3451
3440
3452
3441
3442
3443
3444
3445
3458
8519
10581
10410
5610
3552
3558
51561
3565
3574
3783
4312
4986
3976
6693
3984
3985
3949
965
4046
6375
84061
3106
3123
3125
3126
3127
7841
4318
1432
4296
4092
2358
9368
50507
5818
23193
4842
4790
81929
5023
5027
24145
3603
1656
8974
5742
5743
5694
22794
2923
9601
10954
10130
5034
84331
5578
5579
5580
5581
5583
5582
5584
5588
5590
124801
29927
9730
7052
7047
9333
343641
7053
7051
116179
8460
8459
2353
5894
10146
9908
5786
5787
5788
5800
5955
6093
9475
6091
871
5445
6614
3780
3781
3782
6387
6388
23753
4314
25870
914
915
916
917
940
23118
81567
7295
1861
3725
5970
6688
7040
387
79188
7124
8743
356
7133
355
3932
7535
7448
7454
6520
3309
2530
5265
351
8907
10947
1509
54982
1471
1327
10970
1718
1825
11073
1627
6048
27248
51290
51614
10211
64746
9445
3586
3592
3593
8140
23184
10857
81502
27035
50508
79400
55768
29968
10956
5371
6400
5315
389
6035
488
489
6422
472
23353
51284
51311
54106
7037
6748
55151
7846
10376
84790
7278
7277
203068
7280
10381
10382
10383
7283
56886
55969
10960
7416
7417
162
164
8906
10053
1174
8905
130340
160
161
163
1173
1175
10134
1495
1496
29119
10488
9377
1340
1785
23052
23065
26270
26762
55904
3553
3569
3916
93380
26517
1678
26521
10452
6885
114548
4707
1991
10549
5357
11079
9138
9789
60559
10615
30968
6836
7415
7095
90231
51495
143187
9218
7419
